1, 2, 3, 4, 5, 6, 7, 8, 9, 10, 11, 12, 13, 14, 15, 16, 17, 18, 19, 20, 21, 22, 23, 24, 25, 26, 27, 28, 29, 30, 31, 32, 33, 34, 35, 36, 37, 38, 39, 40, 41, 42, 43, 44, 45, 46, 47, 48, 49, 50, 51, 52, 53, 54, 55, 56, 57, 58, 59, 60, 61, 62, 63, 64, 65 
12783400 12779712 12783296 
12783400 12779712 12785208 
11179600 12779712 42205828 
50397953 50397953 50397953 
-1549622880 -1482250844 -1414878808 
50397953 50397953 50397953 
50397953 50397953 50397953 
-336926232 -269554196 -202182160 
1802135912 1869507948 1936879984 
11648632 12779712 2162688 
11648632 12779712 289 
11648632 12779712 0 
